LEN 1983
0.0
0.0
0.0
0.0
0.0
0.0
0.0
0.0
0.0
0.0
0.0
0.0
0.0
0.0
0.0
0.0
0.0
0.0
0.0
0.0
0.0
0.0
0.0
0.0
0.0
0.0
0.0
0.0
0.0
0.0
0.0
0.30986207885047024
0.0
0.0
0.0
0.0
0.0
0.0
0.0
0.0
0.0
0.0
0.0
0.5485494024505286
0.6055446636049695
0.0
0.0
0.0
0.3100031418059317
0.0
0.0
0.0
0.0
0.0
0.6698924953669445
0.0
0.0
0.7392770473829372
0.0
0.0
0.0
0.0
0.0
0.0
0.3790443898498928
0.0
0.0
0.5819051181398853
0.6791853574045118
0.3249572944596191
0.0
0.0
0.0
0.0
0.0
0.0
0.0
0.771077847230564
0.0
0.0
0.0
0.0
0.0
0.0
0.0
0.0
0.0
0.0
LEN 1983
0.0
0.0
0.0
0.0
0.0
0.0
0.0
0.0
0.0
0.0
0.0
0.0
0.0
0.0
0.0
0.0
0.0
0.0
0.0
0.0
0.0
0.0
0.0
0.0
0.0
0.0
0.0
0.0
0.0
0.0
0.0
0.30986207885047024
0.0
0.0
0.0
0.0
0.0
0.0
0.0
0.0
0.0
0.0
0.0
0.5485494024505286
0.6055446636049695
0.0
0.0
0.0
0.3100031418059317
0.0
0.0
0.0
0.0
0.0
0.6698924953669445
0.0
0.0
0.7392770473829372
0.0
0.0
0.0
0.0
0.0
0.0
0.3790443898498928
0.0
0.0
0.5819051181398853
0.6791853574045118
0.3249572944596191
0.0
0.0
0.0
0.0
0.0
0.0
0.0
0.771077847230564
0.0
0.0
0.0
0.0
0.0
0.0
0.0
0.0
0.0
0.0
AIM:  3.38166666471165  SPEED:  3.7346980812842907
AR 272.9153034695262
AIM:  202.8065689291856  SPEED:  278.3736095389167
Map: xi - FREEDOM DiVE[FOUR DIMENSIONS] (Nakagawa-Kanon)
AR: 9.0 CS: 4.0 OD: 8.0
Stars: 7.29
Acc: 100.0%
Combo: 2385/2385
Performance: 587.37PP
